Testing backend\backend\uploads\video1.mp4
[SUCCESS] Goal Model Loaded from: C:\Users\qorkd\.gemini\축구슈팅측정\backend\goal_segment_best.pt
[INFO] Video Loaded: backend\backend\uploads\video1.mp4, Frames: 202, FPS: 29.992576095025985
[INFO] Goal Detected! Area: 41995.5
[INFO] Starting Main Tracking Loop...
[INFO] Processing Frame 30/202
[INFO] Processing Frame 60/202
[INFO] Processing Frame 90/202
[INFO] Tracking Failed/Finished. Total Trajectory Points: 98
[DEBUG] Quad Speed: 52.4 km/h, Linear Speed: 34.3 km/h
[INFO] Using Quadratic fit speed.
[Results] Final Processed Speed: 52.4 km/h
Final result: {'score': 65, 'speed': 60.3, 'comment': '강력한 슈팅(60.3km/h), 그리고 완벽한 구석 궤적입니다! 🎯', 'trajectory_image': 'output_test.jpg'}
Trajectory length: 98
Time: [          0    0.033342    0.066683     0.10002     0.13337     0.16671     0.20005     0.23339     0.26673     0.30007     0.33342     0.36676      0.4001     0.43344     0.46678     0.50012     0.53347     0.56681     0.60015     0.63349     0.66683     0.70017     0.73351     0.76686      0.8002     0.83354
     0.86688     0.90022     0.93356     0.96691      1.0002      1.0336      1.0669      1.1003      1.1336       1.167      1.2003      1.2336       1.267      1.3003      1.3337       1.367      1.4003      1.4337       1.467      1.5004      1.5337      1.5671      1.6004      1.6337      1.6671      1.7004
      1.7338      1.7671      1.8004      1.8338      1.8671      1.9005      1.9338      1.9672      2.0005      2.0338      2.0672      2.1005      2.1339      2.1672      2.2005      2.2339      2.2672      2.3006      2.3339      2.3673      2.4006      2.4339      2.4673      2.5006       2.534      2.5673
      2.6006       2.634      2.6673      2.7007       2.734      2.7674      2.8007      2.8674      2.9007      2.9341      2.9674      3.0007      3.0341      3.0674      3.1008      3.1341      3.1675      3.3342      3.3675      3.4008]
X: [   -0.97892     -0.9789    -0.97879    -0.97869    -0.97867    -0.97921    -0.98008    -0.98117    -0.98227    -0.98336    -0.98394    -0.98419    -0.98427    -0.98431    -0.98431    -0.98429     -0.9842    -0.98486    -0.98594    -0.98723     -0.9886    -0.99005    -0.99076    -0.99102    -0.99104    -0.99026
    -0.98914    -0.98786    -0.98697    -0.98653    -0.98694    -0.98782    -0.98903     -0.9897    -0.99001     -0.9901    -0.99007    -0.99007    -0.99009    -0.99014    -0.99014    -0.99015    -0.99003     -0.9898     -0.9895    -0.98919    -0.98892    -0.98884    -0.98884    -0.98892    -0.98905    -0.98909
    -0.98911    -0.98944    -0.98988    -0.99037    -0.99091    -0.99148    -0.99166    -0.99161     -0.9916    -0.99148    -0.99108    -0.99066    -0.99003    -0.98884    -0.98746    -0.98655    -0.98608    -0.98595    -0.98676    -0.98759    -0.98825    -0.98866    -0.98895    -0.98903    -0.98852    -0.98799
     -0.9875    -0.98693    -0.98651     -0.9849    -0.99049     -1.0144     -1.0553     -1.1637     -1.2662     -1.3477     -1.4621     -1.5556     -1.6549     -1.7506     -1.8574     -1.9214     -2.0068      -2.233     -2.3296     -2.4313]
Y: [      1.289       1.289      1.2888      1.2887      1.2887      1.2898      1.2912      1.2928      1.2944       1.296      1.2968      1.2971      1.2972      1.2972      1.2972      1.2972      1.2971      1.2977      1.2989      1.3005      1.3023      1.3042      1.3052      1.3055      1.3056      1.3047
      1.3034      1.3017      1.3008      1.3004       1.301      1.3022      1.3038      1.3047       1.305      1.3051      1.3051      1.3051       1.305       1.305       1.305       1.305      1.3048      1.3045      1.3041      1.3036      1.3032      1.3031      1.3031      1.3032      1.3033      1.3034
      1.3034       1.304      1.3046      1.3052      1.3061       1.307      1.3072      1.3073      1.3074      1.3071      1.3064      1.3057      1.3046      1.3025      1.3008      1.2996      1.2991      1.2987      1.2998      1.3012      1.3021      1.3026      1.3031      1.3032      1.3027      1.3022
      1.3015      1.3006      1.3001      1.2992      1.2515      1.1069     0.93659     0.60113      0.4494     0.32927     0.22326     0.12859     0.03847   -0.039849   -0.099329    -0.14881    -0.20507    -0.29382    -0.29397    -0.26414]
Z: [      4.583       4.583      4.5825       4.582      4.5819      4.5844      4.5884      4.5935       4.599      4.6045      4.6075      4.6088      4.6092      4.6094      4.6093      4.6092      4.6089      4.6122      4.6174      4.6235      4.6299      4.6368      4.6402      4.6414      4.6415      4.6384
      4.6334      4.6273      4.6238      4.6221      4.6242      4.6284       4.634      4.6371      4.6385      4.6389      4.6388      4.6387      4.6387      4.6389      4.6389      4.6389      4.6381      4.6369      4.6354       4.634      4.6331      4.6328      4.6329      4.6333      4.6338       4.634
      4.6342      4.6355      4.6374      4.6394       4.642      4.6448      4.6458      4.6459      4.6461      4.6451      4.6428      4.6403       4.637      4.6298      4.6242      4.6205      4.6187      4.6183      4.6222      4.6267      4.6298      4.6318      4.6332      4.6332      4.6318      4.6297
      4.6266      4.6235      4.6218       4.616      4.7473      4.9046       5.209      5.7373      6.2506      6.6291      7.1586      7.5433      7.9886      8.4079      8.7867      9.0103      9.3368      9.8419      10.123       10.44]
Quad Vz_init: -2.284291228804432
Quad Vy_init: 0.7663754278701715
Linear Vz: 0.8277871791032154
