Testing backend\backend\uploads\video2.mp4
[SUCCESS] Goal Model Loaded from: C:\Users\qorkd\.gemini\축구슈팅측정\backend\goal_segment_best.pt
[INFO] Video Loaded: backend\backend\uploads\video2.mp4, Frames: 213, FPS: 29.98592210229939
[INFO] Goal Detected! Area: 30494.0
[INFO] Starting Main Tracking Loop...
[INFO] Processing Frame 30/213
[INFO] Processing Frame 60/213
[INFO] Processing Frame 90/213
[INFO] Tracking Failed/Finished. Total Trajectory Points: 98
[DEBUG] Quad Speed: 76.0 km/h, Linear Speed: 41.5 km/h
[INFO] Quadratic fit volatile/outlier. Using Linear speed with drag compensation.
[Results] Final Processed Speed: 42.4 km/h
Final result: {'score': 12, 'speed': 42.4, 'comment': '아쉬운 속도(42.4km/h)지만 골대를 벗어났네요 😅', 'trajectory_image': 'output_test.jpg'}
Trajectory length: 98
Time: [          0    0.033349    0.066698     0.10005      0.1334     0.16674     0.20009     0.23344     0.26679     0.30014     0.33349     0.36684     0.40019     0.43354     0.46689     0.50023     0.53358     0.56693     0.60028     0.63363     0.66698     0.70033     0.73368     0.76703     0.80038     0.83372
     0.86707     0.90042     0.93377     0.96712      1.0005      1.0338      1.0672      1.1005      1.1339      1.1672      1.2006      1.2339      1.2673      1.3006       1.334      1.3673      1.4007       1.434      1.4674      1.5007      1.5341      1.5674      1.6008      1.6341      1.6674      1.7008
      1.7341      1.7675      1.8008      1.8342      1.8675      1.9009      1.9342      1.9676      2.0009      2.0343      2.0676       2.101      2.1343      2.1677       2.201      2.2344      2.2677      2.3011      2.3344      2.3678      2.4011      2.4345      2.4678      2.5012      2.5345      2.5679
      2.6012      2.6346      2.6679      2.7013      2.7346       2.768      2.8013      2.8347       2.868      2.9347      2.9681      3.0014      3.0348      3.0681      3.1015      3.1348      3.1682      3.2015      3.2682      3.3015]
X: [   -0.94643    -0.94652     -0.9467    -0.94688     -0.9469     -0.9472    -0.94776    -0.94849    -0.94925    -0.95021    -0.95077    -0.95108    -0.95119    -0.95122    -0.95102    -0.95071    -0.95025    -0.95059    -0.95129    -0.95218    -0.95311    -0.95405    -0.95444    -0.95449    -0.95434    -0.95428
    -0.95411    -0.95374    -0.95347    -0.95317    -0.95289    -0.95264    -0.95253     -0.9525    -0.95251    -0.95252    -0.95254    -0.95255    -0.95256    -0.95257    -0.95258    -0.95259     -0.9526    -0.95261    -0.95261    -0.95262    -0.95262    -0.95263    -0.95263    -0.95261     -0.9526    -0.95261
    -0.95263    -0.95213    -0.95132     -0.9502    -0.94888    -0.94736    -0.94635    -0.94558      -0.945    -0.94474    -0.94467    -0.94458    -0.94445     -0.9445    -0.94456    -0.94473    -0.94488    -0.94502    -0.94509    -0.94515    -0.94512    -0.94528    -0.94559    -0.94623    -0.94701    -0.94776
    -0.94842    -0.94888    -0.94873    -0.94813    -0.94818    -0.94864    -0.94999    -0.95234     -0.9608    -0.96961    -0.99936     -1.0459     -1.1282     -1.2748     -1.3691     -1.5005     -1.6151     -1.6904     -1.9528     -1.9406]
Y: [     1.2762      1.2764      1.2766       1.277      1.2769      1.2773       1.278      1.2789      1.2799      1.2813      1.2821      1.2826      1.2826      1.2826      1.2823      1.2818      1.2812      1.2813       1.282      1.2831      1.2842      1.2855       1.286      1.2861      1.2859      1.2854
      1.2849      1.2843      1.2837      1.2832      1.2828      1.2824      1.2823      1.2823      1.2823      1.2823      1.2824      1.2824      1.2824      1.2824      1.2824      1.2825      1.2825      1.2825      1.2825      1.2825      1.2825      1.2825      1.2825      1.2826      1.2827      1.2828
      1.2828      1.2821       1.281      1.2796      1.2777      1.2756      1.2741      1.2731      1.2724       1.272      1.2718      1.2716      1.2713      1.2714      1.2715      1.2717      1.2719      1.2721      1.2723      1.2722      1.2723      1.2726      1.2732      1.2742      1.2753      1.2763
      1.2774      1.2777      1.2775      1.2772      1.2776      1.2789      1.2816      1.2857      1.2676       1.125      1.0137     0.94617     0.92058     0.95637     0.95632      0.9878      1.0049      1.0091      1.7218      1.8834]
Z: [     5.8464       5.847       5.848      5.8491      5.8493      5.8523      5.8564      5.8612       5.866      5.8721      5.8756      5.8776       5.878      5.8775      5.8758      5.8737       5.871      5.8723      5.8762      5.8815       5.887      5.8928      5.8952      5.8955      5.8944      5.8929
      5.8913      5.8889      5.8863       5.884      5.8821      5.8805      5.8799      5.8797      5.8798        5.88      5.8801      5.8802      5.8803      5.8803      5.8804      5.8805      5.8805      5.8806      5.8806      5.8806      5.8807      5.8807      5.8807      5.8809       5.881      5.8811
      5.8813      5.8782      5.8731      5.8666       5.858      5.8481      5.8414      5.8365      5.8328      5.8313      5.8306        5.83      5.8292      5.8295        5.83      5.8311      5.8321      5.8331      5.8335      5.8334      5.8338      5.8349      5.8371      5.8413      5.8467      5.8517
      5.8566       5.859      5.8583      5.8569      5.8571      5.8611      5.8727      5.8897      5.8614      6.1207      6.4396      6.7931      7.3474      8.2455      8.8363       9.461      9.9562      10.247      9.8882      9.3012]
Quad Vz_init: -1.5492708204171535
Quad Vy_init: 0.032618727274686336
Linear Vz: 0.4831353854306521
