Testing backend\backend\uploads\video3.mp4
[SUCCESS] Goal Model Loaded from: C:\Users\qorkd\.gemini\축구슈팅측정\backend\goal_segment_best.pt
[INFO] Video Loaded: backend\backend\uploads\video3.mp4, Frames: 156, FPS: 29.9903876962512
[INFO] Goal Detected! Area: 33967.0
[INFO] Starting Main Tracking Loop...
[INFO] Processing Frame 30/156
[INFO] Processing Frame 60/156
[INFO] Processing Frame 90/156
[INFO] Tracking Failed/Finished. Total Trajectory Points: 100
[DEBUG] Max Instantaneous Smoothed Speed: 94.1 km/h
[DEBUG] Average Linear Speed: 71.9 km/h
[Results] Final Processed Speed: 94.1 km/h
Final result: {'score': 74, 'speed': 94.1, 'comment': '프로급 파워(94.1km/h), 골인입니다! 🎉', 'trajectory_image': 'output_test.jpg'}
Trajectory length: 100
Time: [          0    0.033344    0.066688     0.10003     0.13338     0.16672     0.20006     0.23341     0.26675      0.3001     0.33344     0.36678     0.40013     0.43347     0.46682     0.50016      0.5335     0.56685     0.60019     0.63354     0.66688     0.70022     0.73357     0.76691     0.80026      0.8336
     0.86694     0.90029     0.93363     0.96698      1.0003      1.0337       1.067      1.1004      1.1337       1.167      1.2004      1.2337      1.2671      1.3004      1.3338      1.3671      1.4004      1.4338      1.4671      1.5005      1.5338      1.5672      1.6005      1.6339      1.6672      1.7005
      1.7339      1.7672      1.8006      1.8339      1.8673      1.9006       1.934      1.9673      2.0006       2.034      2.0673      2.1007       2.134      2.1674      2.2007       2.234      2.2674      2.3007      2.3341      2.3674      2.4008      2.4341      2.4675      2.5008      2.5341      2.5675
      2.6008      2.6342      2.7009      2.7342      2.7676      2.8009      2.8342      2.8676      2.9009      2.9343      2.9676       3.001      3.0343      3.0676       3.101      3.1343      3.1677       3.201      3.2344      3.2677      3.3011      3.3344]
X: [   -0.94172    -0.94139    -0.94061     -0.9404    -0.94043    -0.94034     -0.9404    -0.94059    -0.94057    -0.94034    -0.94019    -0.94013    -0.94009    -0.94003    -0.93999    -0.93996    -0.93993    -0.94015    -0.94004    -0.93972     -0.9393     -0.9389    -0.93878    -0.93878      -0.939    -0.93962
    -0.94087    -0.94248    -0.94469    -0.94709     -0.9487     -0.9498    -0.95046    -0.95057    -0.95043    -0.95017    -0.94991    -0.94979    -0.94974    -0.94977    -0.94988    -0.95005    -0.95014    -0.95015    -0.95007     -0.9499    -0.94971    -0.94931    -0.94875    -0.94814    -0.94767    -0.94719
    -0.94657     -0.9457    -0.94486     -0.9438    -0.94281    -0.94194    -0.94137    -0.94112    -0.94076    -0.94037    -0.94022    -0.94019    -0.94045    -0.94058    -0.94053    -0.93996    -0.93891    -0.93746    -0.93653    -0.93595    -0.93606    -0.93638    -0.93642    -0.93621    -0.93568    -0.93559
    -0.93586    -0.93646     -0.7915    -0.68025    -0.58132    -0.50979    -0.46867    -0.43167    -0.40326    -0.38244    -0.37123    -0.35281    -0.34615    -0.33695    -0.33536    -0.33941    -0.34939    -0.37444    -0.38772    -0.40094      -0.419    -0.42456]
Y: [     1.3155      1.3152      1.3145      1.3141      1.3139      1.3134      1.3132      1.3133      1.3133       1.313      1.3128      1.3128      1.3127      1.3128      1.3128      1.3128      1.3128      1.3127      1.3123      1.3118      1.3111      1.3105      1.3103      1.3102      1.3104      1.3121
      1.3143      1.3172      1.3208      1.3244      1.3268      1.3283      1.3292      1.3292       1.329      1.3286      1.3282      1.3279      1.3278      1.3278      1.3279      1.3281      1.3282      1.3283      1.3284      1.3283      1.3278      1.3271      1.3262      1.3248      1.3236      1.3226
      1.3217      1.3207      1.3197      1.3184      1.3173      1.3163      1.3155      1.3151      1.3145      1.3141      1.3138      1.3136      1.3137      1.3137      1.3133      1.3121      1.3106      1.3085      1.3073      1.3068       1.307      1.3075      1.3075       1.307      1.3067      1.3066
      1.3071      1.3073      1.1507      1.0244     0.91672     0.83647     0.80059     0.78735     0.79292     0.81022     0.81985      0.8318     0.87025     0.89971     0.93336     0.99942      1.0766       1.162      1.2324      1.2789      1.3198      1.2789]
Z: [     5.2973      5.2959      5.2926      5.2905      5.2903      5.2896      5.2898      5.2908      5.2907      5.2895      5.2887      5.2884      5.2881      5.2878      5.2876      5.2875      5.2873      5.2858      5.2835       5.281      5.2783      5.2759      5.2751       5.275      5.2759      5.2817
      5.2901      5.3004      5.3135      5.3271      5.3361      5.3422      5.3458      5.3464      5.3456      5.3442      5.3429      5.3419      5.3414      5.3415      5.3423      5.3431      5.3435      5.3438      5.3436      5.3429      5.3408      5.3378      5.3339      5.3295      5.3254      5.3223
      5.3195      5.3162      5.3125      5.3079      5.3032      5.2987      5.2958      5.2942      5.2923      5.2903      5.2891      5.2885       5.289      5.2888      5.2872      5.2832      5.2769      5.2685      5.2629      5.2602      5.2608      5.2628      5.2626      5.2606      5.2595      5.2592
      5.2616      5.2639      5.3385      5.5318      5.8447      6.2991      6.9947      7.7757      8.6158      9.4952      10.275      10.993      11.847      12.505      13.018      13.874       14.74      15.621      16.163      16.375      16.202      15.776]
Quad Vz_init: -4.930654862295928
Quad Vy_init: 0.13553046917276576
Linear Vz: 1.8426628677420585
