Testing backend\backend\uploads\video4.mp4
[SUCCESS] Goal Model Loaded from: C:\Users\qorkd\.gemini\축구슈팅측정\backend\goal_segment_best.pt
[INFO] Video Loaded: backend\backend\uploads\video4.mp4, Frames: 225, FPS: 29.99333481448567
[INFO] Goal Detected! Area: 34064.0
[INFO] Starting Main Tracking Loop...
[INFO] Processing Frame 30/225
[INFO] Processing Frame 60/225
[INFO] 3D Teleportation Spike Detected (2.09m in 1 frame). Breaking...
[INFO] Tracking Failed/Finished. Total Trajectory Points: 73
[DEBUG] Max Instantaneous Smoothed Speed: 83.4 km/h
[DEBUG] Average Linear Speed: 40.9 km/h
[Results] Final Processed Speed: 83.4 km/h
Final result: {'score': 37, 'speed': 83.4, 'comment': '강력한 슈팅(83.4km/h)지만 골대를 벗어났네요 😅', 'trajectory_image': 'output_test.jpg'}
Trajectory length: 73
Time: [          0    0.033341    0.066681     0.10002     0.13336      0.1667     0.20004     0.23339     0.26673     0.30007     0.33341     0.36675     0.40009     0.43343     0.46677     0.50011     0.53345     0.56679     0.60013     0.63347     0.66681     0.70016      0.7335     0.76684     0.80018     0.83352
     0.86686      0.9002     0.93354     0.96688      1.0002      1.0336      1.0669      1.1002      1.1336      1.1669      1.2003      1.2336      1.2669      1.3003      1.3336       1.367      1.4003      1.4337       1.467      1.5003      1.5337       1.567      1.6004      1.6337       1.667      1.7004
      1.7337      1.7671      1.8004      1.8337      1.8671      1.9004      1.9338      1.9671      2.0004      2.0338      2.0671      2.1005      2.1338      2.1671      2.2338      2.2672      2.3005      2.3672      2.4005      2.4339      2.4672]
X: [   -0.76023     -0.7601    -0.75992    -0.75976    -0.75962    -0.76094    -0.76213    -0.76307    -0.76387    -0.76459    -0.76495    -0.76509    -0.76512    -0.76523    -0.76534    -0.76547    -0.76557    -0.76565     -0.7659    -0.76455    -0.76498    -0.76369     -0.7622    -0.76066    -0.76153    -0.76213
    -0.76332    -0.76468    -0.76616    -0.76694    -0.76726    -0.76725    -0.76719      -0.767    -0.76681    -0.76672    -0.76675    -0.76672    -0.76676    -0.76676    -0.76665    -0.76642    -0.76625    -0.76611    -0.76615    -0.76412     -0.7617    -0.75904    -0.75601    -0.75271    -0.75298    -0.75438
    -0.75513    -0.75554     -0.7564    -0.75746    -0.75775    -0.75831    -0.76005    -0.76111    -0.76037     -0.7591    -0.75783    -0.75736    -0.75712    -0.75749    -0.54705    -0.56631    -0.60923    -0.12657    0.096411     0.25374     0.38787]
Y: [     1.2994      1.2992       1.299      1.2988      1.2987      1.3003      1.3019      1.3034      1.3047       1.306      1.3067      1.3071      1.3072      1.3073      1.3075      1.3077      1.3079      1.3083      1.3089      1.3069      1.3075      1.3057      1.3036      1.3011      1.3022      1.3027
      1.3045      1.3066      1.3089      1.3103      1.3108      1.3109      1.3111      1.3107      1.3103      1.3101        1.31        1.31      1.3102      1.3101      1.3102        1.31      1.3098      1.3097      1.3097      1.3061      1.3018       1.297      1.2916       1.286      1.2861      1.2886
      1.2899      1.2908      1.2925      1.2942      1.2952      1.2967         1.3      1.3022      1.3013      1.2988      1.2968      1.2948      1.2935       1.293      1.1343     0.98623     0.84103     0.71354     0.72078     0.72531     0.78656]
Z: [     5.4258      5.4251      5.4239      5.4231      5.4223       5.424      5.4278      5.4327      5.4375      5.4431      5.4463      5.4479      5.4485      5.4495      5.4504      5.4513      5.4522      5.4548      5.4577      5.4558      5.4559      5.4517      5.4437      5.4338      5.4328       5.433
      5.4392      5.4483      5.4589       5.465      5.4673      5.4672      5.4668      5.4656      5.4645      5.4641      5.4647      5.4651      5.4654      5.4651      5.4644       5.463      5.4616      5.4608      5.4611      5.4511      5.4359      5.4175      5.3954      5.3714      5.3682      5.3755
      5.3848      5.3892      5.3974      5.3988      5.3989      5.4029      5.4155      5.4253      5.4256      5.4202      5.4142      5.4076      5.4023      5.3967      5.6678      5.8192      5.9648      6.5003      7.1449      7.7162       8.749]
Quad Vz_init: -1.0444470411697269
Quad Vy_init: 0.3256744063325989
Linear Vz: 0.2989112328545693
