Testing backend\backend\uploads\video6.mp4
[SUCCESS] Goal Model Loaded from: C:\Users\qorkd\.gemini\축구슈팅측정\backend\goal_segment_best.pt
[INFO] Video Loaded: backend\backend\uploads\video6.mp4, Frames: 242, FPS: 29.987608426270135
[INFO] Goal Detected! Area: 32191.0
[INFO] Starting Main Tracking Loop...
[INFO] Processing Frame 30/242
[INFO] Processing Frame 60/242
[INFO] Processing Frame 90/242
[INFO] Processing Frame 120/242
[INFO] Tracking Failed/Finished. Total Trajectory Points: 106
[DEBUG] Quad Speed: 91.6 km/h, Linear Speed: 72.2 km/h
[INFO] Using Quadratic fit speed.
[Results] Final Processed Speed: 91.6 km/h
Final result: {'score': 82, 'speed': 105.4, 'comment': '와우! 손흥민 선수가 울고 갈 완벽한 슈팅입니다! 🏆', 'trajectory_image': 'output_test.jpg'}
Trajectory length: 106
Time: [          0    0.033347    0.066694     0.10004     0.13339     0.16674     0.20008     0.23343     0.26678     0.30012     0.33347     0.36682     0.40017     0.43351     0.46686     0.50021     0.53355      0.5669     0.60025      0.6336     0.66694     0.70029     0.73364     0.76698     0.80033     0.83368
     0.86702     0.90037     0.93372     0.96707      1.0004      1.0338      1.0671      1.1005      1.1338      1.1671      1.2005      1.2338      1.2672      1.3005      1.3339      1.3672      1.4006      1.4339      1.4673      1.5006       1.534      1.5673      1.6007       1.634      1.6674      1.7007
       1.734      1.7674      1.8007      1.8341      1.8674      1.9008      1.9341      1.9675      2.0008      2.0342      2.0675      2.1009      2.1342      2.1676      2.2009      2.2343      2.2676       2.301      2.3343      2.3676       2.401      2.4343      2.4677       2.501      2.5344      2.5677
      2.6011      2.6344      2.6678      2.7011      2.7345      2.7678      2.8012      2.8345      2.8679      2.9012      2.9345      2.9679      3.0012      3.0346      3.0679      3.1013      3.1346       3.168      3.2013      3.2347       3.268      3.3014      3.3347      3.3681      3.4014      3.4348
      3.5014      3.5348]
X: [   -0.92305    -0.92302     -0.9228     -0.9225    -0.92224    -0.92088    -0.91918    -0.91745    -0.91579    -0.91419    -0.91349    -0.91331    -0.91343    -0.91365    -0.91391    -0.91412     -0.9143    -0.91542     -0.9167    -0.91797    -0.91922    -0.92033    -0.92076    -0.92084    -0.92077    -0.92035
    -0.92007    -0.91976    -0.91963    -0.91969    -0.91986    -0.92008    -0.92035    -0.92049    -0.92055    -0.92056    -0.92056    -0.92054    -0.92053    -0.92051     -0.9205     -0.9205     -0.9205    -0.92046    -0.92043    -0.92042    -0.92041     -0.9204    -0.92045    -0.92048     -0.9205    -0.92051
    -0.92052    -0.92072    -0.92099    -0.92141    -0.92188     -0.9224    -0.92277    -0.92304    -0.92327    -0.92333    -0.92325    -0.92311    -0.92295    -0.92278    -0.92268    -0.92261    -0.92258    -0.92252    -0.92254    -0.92252    -0.92257    -0.92268    -0.92276    -0.92277    -0.92262     -0.9224
    -0.92205    -0.92188    -0.92187    -0.92192    -0.92205    -0.92207    -0.92188    -0.92164    -0.92144    -0.92122    -0.92069    -0.92011    -0.91941    -0.91815    -0.91674    -0.91659    -0.83549    -0.71261    -0.70331    -0.51227    -0.37547    -0.29369     -0.2412    -0.21414    -0.17361    -0.13815
   -0.070359   -0.044623]
Y: [     1.2646      1.2646      1.2643       1.264      1.2637       1.263      1.2613      1.2593      1.2571      1.2549      1.2538      1.2535      1.2536      1.2539      1.2543      1.2545      1.2548      1.2556      1.2567      1.2582      1.2599      1.2614       1.262      1.2622      1.2621      1.2618
      1.2616      1.2613      1.2612      1.2614      1.2616      1.2619      1.2622      1.2624      1.2625      1.2625      1.2625      1.2625      1.2624      1.2624      1.2624      1.2624      1.2624      1.2623      1.2623      1.2623      1.2623      1.2623      1.2623      1.2624      1.2624      1.2624
      1.2624      1.2629      1.2634       1.264      1.2647      1.2655       1.266      1.2664      1.2667      1.2667      1.2665      1.2663      1.2661      1.2658      1.2657      1.2656      1.2656      1.2655      1.2655      1.2655      1.2655      1.2656      1.2658      1.2659      1.2658      1.2655
      1.2652       1.265       1.265      1.2648      1.2647      1.2648      1.2644      1.2638      1.2635      1.2631      1.2625      1.2615      1.2597       1.257      1.2548      1.2534      1.1387     0.89848     0.72953      0.4732     0.27197     0.11015   -0.020368    -0.15106    -0.27972    -0.37384
    -0.57388    -0.65773]
Z: [     5.6824      5.6821      5.6809      5.6792      5.6777       5.671      5.6614      5.6512      5.6411      5.6312      5.6268      5.6257      5.6263      5.6277      5.6294      5.6308      5.6319      5.6365      5.6426      5.6493      5.6563      5.6631      5.6659      5.6666      5.6665      5.6659
      5.6653      5.6648      5.6652       5.666      5.6672      5.6685        5.67      5.6707       5.671       5.671       5.671      5.6708      5.6707      5.6706      5.6706      5.6705      5.6705      5.6703      5.6701        5.67        5.67      5.6699      5.6702      5.6704      5.6705      5.6706
      5.6707      5.6717      5.6732      5.6749      5.6774      5.6804      5.6826      5.6843      5.6858      5.6859      5.6854      5.6845      5.6835      5.6823      5.6817      5.6812      5.6807      5.6803      5.6803        5.68      5.6803      5.6813       5.682      5.6821      5.6816      5.6804
      5.6788       5.678      5.6783      5.6787      5.6793      5.6795      5.6779      5.6761      5.6753      5.6738      5.6708      5.6674      5.6606      5.6498      5.6388      5.6373      5.5269      5.4209      5.3629      5.5607      5.9283       6.634      7.5985      8.8659      9.6226      10.067
      10.762       11.16]
Quad Vz_init: -1.2988674495772705
Quad Vy_init: 0.6400470787175804
Linear Vz: 0.38181718709373946
