Testing backend\backend\uploads\video6.mp4
[SUCCESS] Goal Model Loaded from: C:\Users\qorkd\.gemini\축구슈팅측정\backend\goal_segment_best.pt
[INFO] Video Loaded: backend\backend\uploads\video6.mp4, Frames: 242, FPS: 29.987608426270135
[INFO] Goal Detected! Area: 32191.0
[INFO] Starting Main Tracking Loop...
[INFO] Processing Frame 30/242
[INFO] Processing Frame 60/242
[INFO] Processing Frame 90/242
[INFO] Tracking Failed/Finished. Total Trajectory Points: 104
[DEBUG] Quad Speed: 3.7 km/h, Linear Speed: 1.1 km/h
[INFO] Using Quadratic fit speed.
[Results] Final Processed Speed: 3.7 km/h
Final result: {'score': 34, 'speed': 4.3, 'comment': '아쉬운 속도(4.3km/h), 골인입니다! 🎉', 'trajectory_image': 'output_test.jpg'}
Trajectory length: 104
Time: [          0    0.033347    0.066694     0.10004     0.13339     0.16674     0.20008     0.23343     0.26678     0.30012     0.33347     0.36682     0.40017     0.43351     0.46686     0.50021     0.53355      0.5669     0.60025      0.6336     0.66694     0.70029     0.73364     0.76698     0.80033     0.83368
     0.86702     0.90037     0.93372     0.96707      1.0004      1.0338      1.0671      1.1005      1.1338      1.1671      1.2005      1.2338      1.2672      1.3005      1.3339      1.3672      1.4006      1.4339      1.4673      1.5006       1.534      1.5673      1.6007       1.634      1.6674      1.7007
       1.734      1.7674      1.8007      1.8341      1.8674      1.9008      1.9341      1.9675      2.0008      2.0342      2.0675      2.1009      2.1342      2.1676      2.2009      2.2343      2.2676       2.301      2.3343      2.3676       2.401      2.4343      2.4677       2.501      2.5344      2.5677
      2.6011      2.6344      2.6678      2.7011      2.7345      2.7678      2.8012      2.8345      2.8679      2.9012      2.9345      2.9679      3.0012      3.0346      3.0679      3.1013      3.1346      3.2013       3.268      3.3014      3.3347      3.3681      3.4014      3.4348      3.5014      3.5348]
X: [   -0.92305    -0.92302     -0.9228     -0.9225    -0.92224    -0.92088    -0.91918    -0.91745    -0.91579    -0.91419    -0.91349    -0.91331    -0.91343    -0.91365    -0.91391    -0.91412     -0.9143    -0.91542     -0.9167    -0.91797    -0.91922    -0.92033    -0.92076    -0.92084    -0.92077    -0.92035
    -0.92007    -0.91976    -0.91963    -0.91969    -0.91986    -0.92008    -0.92035    -0.92049    -0.92055    -0.92056    -0.92056    -0.92054    -0.92053    -0.92051     -0.9205     -0.9205     -0.9205    -0.92046    -0.92043    -0.92042    -0.92041     -0.9204    -0.92045    -0.92048     -0.9205    -0.92051
    -0.92052    -0.92072    -0.92099    -0.92141    -0.92188     -0.9224    -0.92277    -0.92304    -0.92327    -0.92333    -0.92325    -0.92311    -0.92295    -0.92278    -0.92268    -0.92261    -0.92258    -0.92252    -0.92254    -0.92252    -0.92257    -0.92268    -0.92276    -0.92277    -0.92262     -0.9224
    -0.92205    -0.92188    -0.92187    -0.92192    -0.92205    -0.92207    -0.92188    -0.92164    -0.92144    -0.92122    -0.92069    -0.92011    -0.91941    -0.91815    -0.91674    -0.91659    -0.83549    -0.75864    -0.41533    -0.29041    -0.21212    -0.17763    -0.15171    -0.12699    -0.06788   -0.044815]
Y: [     1.2646      1.2646      1.2643       1.264      1.2637       1.263      1.2613      1.2593      1.2571      1.2549      1.2538      1.2535      1.2536      1.2539      1.2543      1.2545      1.2548      1.2556      1.2567      1.2582      1.2599      1.2614       1.262      1.2622      1.2621      1.2618
      1.2616      1.2613      1.2612      1.2614      1.2616      1.2619      1.2622      1.2624      1.2625      1.2625      1.2625      1.2625      1.2624      1.2624      1.2624      1.2624      1.2624      1.2623      1.2623      1.2623      1.2623      1.2623      1.2623      1.2624      1.2624      1.2624
      1.2624      1.2629      1.2634       1.264      1.2647      1.2655       1.266      1.2664      1.2667      1.2667      1.2665      1.2663      1.2661      1.2658      1.2657      1.2656      1.2656      1.2655      1.2655      1.2655      1.2655      1.2656      1.2658      1.2659      1.2658      1.2655
      1.2652       1.265       1.265      1.2648      1.2647      1.2648      1.2644      1.2638      1.2635      1.2631      1.2625      1.2615      1.2597       1.257      1.2548      1.2534      1.1387     0.79093     0.31459      0.1186   -0.023757    -0.15044    -0.28259    -0.37743    -0.57687    -0.65941]
Z: [     5.6824      5.6824      5.6823      5.6822       5.682      5.6811      5.6789      5.6748      5.6687      5.6605      5.6523      5.6448      5.6383      5.6331       5.629       5.626       5.624      5.6241       5.626      5.6294       5.634      5.6396      5.6445      5.6489      5.6528      5.6561
      5.6589      5.6612      5.6634      5.6654      5.6673       5.669      5.6707       5.672      5.6729      5.6736      5.6741      5.6744      5.6745      5.6744      5.6743      5.6741      5.6738      5.6734       5.673      5.6726      5.6722      5.6718      5.6716      5.6714      5.6712      5.6711
       5.671      5.6713      5.6719      5.6728      5.6742      5.6761       5.678      5.6799      5.6818      5.6832      5.6842      5.6848      5.6851       5.685      5.6849      5.6846      5.6842      5.6837      5.6832      5.6827      5.6823      5.6823      5.6823      5.6823       5.682      5.6815
      5.6806      5.6799      5.6795      5.6793      5.6792      5.6791      5.6784      5.6775      5.6767      5.6757      5.6739      5.6717      5.6678      5.6617      5.6544      5.6497      5.6029      5.5469      5.6166      5.8187      6.1441      6.7402      7.5083      8.1937      9.2026      9.9283]
Quad Vz_init: -0.7969953474564035
Quad Vy_init: 0.6413215135827884
Linear Vz: 0.22996653599258948
